10 1000 3
24 50 30 81 84 31 45 18 58 14 69 19 29 36 40 36 52 41 27 36 30 20 54 22 59 79 69 2 13 34 1 33 53 78 95 61 90 77 81 25 44 99 63 83 27 93 9 68 19 51 66 49 64 87 83 13 57 40 1 93 30 41 35 27 76 26 6 41 31 8 24 1 56 13 88 17 29 44 48 24 94 19 78 30 93 26 46 21 67 87 91 84 84 63 10 67 25 5 63 83 72 66 31 40 42 34 53 87 9 6 19 8 81 73 29 94 10 9 31 20 79 37 2 88 34 5 5 19 22 32 44 19 62 5 82 70 46 79 6 96 23 91 77 43 3 38 76 78 56 65 29 12 55 48 69 79 27 40 87 64 84 86 100 45 67 68 98 29 13 6 54 97 5 58 17 61 5 88 84 94 72 12 89 70 5 1 91 91 2 18 93 100 32 6 9 36 39 5 67 23 53 23 38 67 55 44 55 25 72 86 22 29 41 32 21 43 41 28 36 26 94 51 99 57 60 29 5 84 68 65 14 50 97 53 74 81 60 26 43 36 16 37 76 18 55 44 75 52 39 85 32 97 76 21 19 62 3 66 35 84 84 2 98 96 35 52 11 44 94 25 20 37 46 15 13 86 67 71 71 58 47 66 78 94 28 39 54 85 76 37 20 71 57 67 20 97 84 20 68 43 56 64 13 5 75 2 24 77 81 25 71 82 33 16 31 57 39 22 73 71 34 24 97 73 43 53 74 58 67 77 46 47 65 85 68 1 80 98 69 39 89 42 20 91 84 19 70 62 89 26 2 63 35 54 27 19 9 55 39 88 97 4 14 82 3 20 81 27 2 98 23 37 92 20 13 28 10 56 84 59 2 81 33 62 47 83 60 36 33 94 77 74 76 41 53 4 72 33 53 33 98 20 21 25 53 32 47 26 75 32 61 31 68 37 74 71 97 54 67 38 38 41 30 9 13 73 57 82 13 39 12 35 60 30 21 2 65 100 69 15 22 91 18 99 26 72 7 2 6 63 40 100 78 17 66 19 99 94 92 98 68 57 57 10 75 59 86 96 62 6 94 43 5 57 21 84 25 37 35 87 45 65 41 79 95 58 46 98 47 19 25 78 89 70 64 50 29 33 42 5 73 79 84 83 66 12 100 5 85 61 1 11 77 39 59 87 1 82 94 16 20 100 25 50 8 90 87 59 65 76 40 18 39 30 35 83 2 46 34 73 4 91 61 30 92 92 75 80 80 1 6 1 89 47 22 37 99 7 45 75 68 2 80 63 26 28 27 57 49 92 52 50 80 94 36 77 82 21 17 47 8 53 71 49 20 16 14 87 98 95 12 47 17 38 69 66 70 41 69 43 81 56 5 16 16 6 48 47 85 33 67 74 80 16 56 95 30 29 64 96 21 36 4 10 79 99 70 54 49 26 86 52 66 98 12 8 29 96 11 6 35 93 86 29 44 27 69 76 15 29 11 47 62 56 3 80 69 98 22 98 10 79 5 97 86 34 43 62 81 61 34 82 85 100 1 74 16 54 36 59 80 72 12 20 3 41 17 69 94 61 41 91 10 96 1 29 37 86 42 32 71 45 55 46 13 15 24 16 55 70 29 77 51 18 22 33 76 89 42 23 64 6 22 13 29 81 89 2 96 69 7 90 49 12 29 72 59 8 42 100 96 66 56 26 37 58 30 44 39 72 36 16 70 47 37 68 46 85 72 17 41 73 21 51 12 4 33 17 92 19 1 60 69 99 63 89 45 65 91 69 93 13 99 10 32 97 98 90 17 25 30 69 33 59 41 3 72 24 27 57 15 58 7 66 27 26 46 78 49 23 19 63 100 5 17 50 13 11 53 26 64 86 40 57 71 56 18 47 26 100 35 35 39 86 71 32 67 56 57 17 5 26 45 1 54 17 75 65 27 71 2 21 34 56 59 74 95 81 60 10 62 59 7 94 33 12 88 46 77 1 10 48 61 76 10 73 5 6 77 48 76 10 31 100 93 44 100 65 92 17 5 82 35 68 21 4 42 22 7 21 53 100 24 66 7 70 81 66 87 77 8 77 19 76 55 95 89 87 61 44 75 84 14 14 37 42 4 82 57 22 99 70 100 44 19 51 29 87 25 83 30 74 63 52 24 47 83 85 3 95 87 26 84 30 78 13 86 37 12 35 40 2 63 33 19 64 14 33 67 96 31 38 73 73 12 15 6 82 25 94 58 50 75 39 69 62 60 27 50 43 47 19 100 56 39 67 16 45 99 89
0.42519484810755237 0.29191386574067163 0.282891286151776
0.30982645553817534 0.42981737615774435 0.2603561683040803
0.5363032072208029 0.12715250844888942 0.3365442843303076
0.6105034125536509 0.10333123149616527 0.2861653559501838
0.09363341094564549 0.41192664691716757 0.49443994213718695
0.42523477944460064 0.06663469013082814 0.5081305304245712
0.01473071137855346 0.4566882380467169 0.5285810505747297
0.3798074048629758 0.3734062270675873 0.2467863680694369
0.5810760827030186 0.2638999823100881 0.15502393498689337
0.4339968863923634 0.10216488455738457 0.46383822905025207
0.1282141550570993 0.6555769600853321 0.21620888485756865
0.2593442665101111 0.40866012161623605 0.33199561187365284
0.4052321377300907 0.3093649975010368 0.2854028647688725
0.08904066838458863 0.6550284883772771 0.2559308432381343
0.1488951877906981 0.6750781758053664 0.17602663640393545
0.2432144032875095 0.07546741437831334 0.6813181823341772
0.30542124270176535 0.6887921388533883 0.005786618444846293
0.2913721704047108 0.3482149733893372 0.360412856205952
0.11880845875768169 0.4245044468245603 0.456687094417758
0.4862226350938582 0.06488383286019629 0.4488935320459455
0.5719356390006267 0.1224537804621867 0.3056105805371866
0.2833113075685607 0.24816814986506167 0.46852054256637765
0.6137660615927399 0.06627384003506506 0.31996009837219497
0.12470902738489577 0.8348981433895772 0.04039282922552699
0.34457002371244894 0.3874298570345114 0.2680001192530397
0.45883021776953803 0.4871980900012695 0.053971692229192486
0.24551745456510293 0.5129371494919007 0.24154539594299637
0.8150605265093912 0.11677393099633368 0.06816554249427514
0.2148635801754296 0.462623580390879 0.3225128394336914
0.48430567014228154 0.40980624596991055 0.10588808388780795
0.45408328488281224 0.48849503304012953 0.05742168207705821
0.5030093479281085 0.06619652211412844 0.4307941299577631
0.36331393233903236 0.4212792921766273 0.21540677548434034
0.8140985755583555 0.03297312850514131 0.15292829593650312
0.4616368840841508 0.020529138759969985 0.5178339771558792
0.16066498466022164 0.69830238782693 0.14103262751284837
0.01583383968260836 0.13615747681923612 0.8480086834981555
0.2779967261591824 0.4113538149591938 0.31064945888162376
0.22001147348666922 0.3768358959909096 0.4031526305224212
0.14680458809843058 0.39211947380252765 0.46107593809904174
0.17956273775429502 0.533298234521953 0.287139027723752
0.41282221534991176 0.5297047534154372 0.057473031234651
0.2981040130958481 0.29568642541966333 0.40620956148448856
0.6760567162138852 0.01328320027079014 0.3106600835153247
0.4349382780889205 0.2890752031711625 0.27598651873991703
0.24418347961404077 0.440486896721217 0.3153296236647422
0.40634473178013997 0.2289310720601382 0.3647241961597218
0.4741613884799684 0.13450061633385277 0.3913379951861788
0.288035031031346 0.35321638842330105 0.35874858054535297
0.33877602482977315 0.5350474136516543 0.12617656151857254
0.2468576097371067 0.589577791288404 0.1635645989744893
0.6033488543226166 0.01028476997640133 0.38636637570098203
0.08571144285262772 0.11885753751323185 0.7954310196341404
0.12922486520093904 0.7675265578269213 0.10324857697213974
0.4041300244231922 0.16986732749443098 0.4260026480823768
0.35730761115297666 0.3764746546093946 0.26621773423762873
0.2467162111675038 0.4338648643334215 0.3194189244990747
0.5232998268871065 0.3834199646882657 0.09328020842462773
0.26430451217761614 0.40915746294951044 0.3265380248728734
0.4831154794201164 0.35648662890442323 0.16039789167546034
0.33779678572621874 0.36872910332230724 0.293474110951474
0.3832561883852826 0.33288268462689835 0.28386112698781907
0.767467584427235 0.14091464106830875 0.09161777450445636
0.12010158492563673 0.7061030817744961 0.1737953332998672
0.1592745539810499 0.4598864130119495 0.3808390330070006
0.41828254117365854 0.42989592290377165 0.15182153592256983
0.4722603955740238 0.07301373280999587 0.4547258716159803
0.3303539100446249 0.11361847127283647 0.5560276186825386
0.08896001564405182 0.4526307313594221 0.4584092529965261
0.42750654988147835 0.36045633459965964 0.21203711551886203
0.002427771532204661 0.8064468204798835 0.19112540798791186
0.48618356546553493 0.401785744916912 0.11203068961755308
0.43603493496346757 0.42567399912642084 0.1382910659101116
0.3709926763990649 0.333704007989953 0.2953033156109821
0.1628978351052216 0.14433247678070574 0.6927696881140727
0.4770890636074195 0.2989192504158848 0.22399168597669578
0.47038798754792227 0.42915964403862256 0.10045236841345517
0.19303217493823496 0.30243521614189534 0.5045326089198697
0.3528085304274565 0.3003235851559594 0.34686788441658406
0.5180991120315207 0.11990415320644977 0.36199673476202954
0.3572638164107932 0.36168741687512906 0.2810487667140778
0.07832538090238435 0.6447273130485704 0.27694730604904516
0.08355258359075095 0.6855773194302377 0.23087009697901134
0.18875622819483487 0.0840637739489435 0.7271799978562217
0.3077012376566024 0.4344952948200375 0.25780346752336003
0.5712710784500913 0.3542113056723536 0.07451761587755512
0.47880227182117263 0.17676368388977587 0.34443404428905144
0.08440435653772078 0.6096976871597669 0.3058979563025123
0.4602966108562815 0.3175279186994505 0.22217547044426794
0.0771207358660121 0.22019707333152821 0.7026821908024596
0.36344529091213257 0.39972996349286766 0.2368247455949998
0.8082170069685045 0.07067178156149719 0.12111121146999827
0.5092685276430349 0.038168919730528744 0.4525625526264364
0.7002811176556492 0.049077950315598175 0.2506409320287527
0.4951231889300571 0.029485606621523646 0.4753912044484193
0.03226097057917072 0.48429282272955965 0.48344620669126964
0.292214321070037 0.4037467677672283 0.30403891116273474
0.3625638656658875 0.589300091348308 0.04813604298580454
0.42889228380651917 0.3759799141202482 0.1951278020732326
0.5147410914785903 0.4297009447966939 0.055557963724715866
0.1529915257688449 0.44174290019362267 0.40526557403753244
0.7518665585655979 0.0412890188099317 0.20684442262447036
0.15643064718652022 0.6903529467697556 0.15321640604372422
0.6375558158231521 0.10432339606101758 0.2581207881158303
0.1677904924340083 0.2280958645415342 0.6041136430244576
0.3655003862294045 0.44562706647716077 0.1888725472934347
0.22060020797560725 0.668975201440061 0.11042459058433178
0.23916610381169634 0.22785112592233875 0.5329827702659649
0.598217164506652 0.13618805197902922 0.26559478351431876
0.41720589288698934 0.1663675652443829 0.41642654186862776
0.04833760224895248 0.8990269542447261 0.052635443506321364
0.3470330838373252 0.5059127220742858 0.147054194088389
0.45881189826385316 0.39097645400027836 0.15021164773586845
0.19644195015174062 0.35969430912273553 0.4438637407255238
0.33526241628941317 0.45901516437815465 0.20572241933243218
0.45123555663690695 0.4198465156829748 0.12891792768011823
0.41696777167919347 0.1721474719672254 0.4108847563535811
0.5053986780806943 0.28577546001317006 0.2088258619061357
0.20088500345846838 0.5753281748625914 0.22378682167894023
0.18477905121334637 0.4023471529310762 0.41287379585557743
0.06913809279285887 0.10200882601628528 0.8288530811908559
0.46411584912707277 0.3483262701367796 0.18755788073614768
0.4917381456129434 0.1894531425015557 0.3188087118855009
0.34686521357272937 0.3433653280024099 0.30976945842486076
0.2700501919585591 0.3044613660103802 0.4254884420310607
0.3721724571579536 0.3248719598175595 0.30295558302448683
0.8897684535322701 0.09909368677780629 0.011137859689923592
0.11952415548264192 0.31515388361270447 0.5653219609046536
0.09073698021580776 0.2799430537559478 0.6293199660282445
0.32808933829254777 0.3113476435884528 0.36056301811899943
0.3343849895859174 0.32067600011590836 0.34493901029817425
0.2150893657962393 0.6035085524379779 0.18140208176578285
0.17573851136089172 0.44379854195454327 0.380462946684565
0.47159850204754983 0.025167096247643447 0.5032344017048067
0.436470958217755 0.08005477536452028 0.48347426641772473
0.27060874145918223 0.5191624188525479 0.21022883968826983
0.4319162898228704 0.2736184241409526 0.294465286036177
0.12271622547819327 0.19289614740189406 0.6843876271199126
0.1685661629097366 0.2593912466139743 0.5720425904762891
0.9003459641731417 0.05486364884149701 0.04479038698536126
0.5484165190897723 0.042890102321325035 0.40869337858890264
0.2827353049562702 0.32617553806935395 0.3910891569743759
0.17615628511290407 0.5401011392617426 0.2837425756253533
0.21833105751104281 0.08599429478071946 0.6956746477082377
0.17371278367894794 0.43766353609478803 0.38862368022626403
0.52944651426187 0.10285297010521297 0.36770051563291706
0.1450535344864655 0.36436735662424574 0.4905791088892888
0.030427313889711406 0.8477153776916696 0.12185730841861897
0.43704585038458343 0.027676667704078575 0.5352774819113381
0.022621305972479994 0.2941488537893704 0.6832298402381496
0.2194220758233219 0.32994904309674933 0.45062888107992877
0.30370095617408754 0.31724366477661403 0.3790553790492984
0.25594777297156684 0.46924755324913076 0.2748046737793024
0.3155129956545489 0.40761723940777905 0.27686976493767207
0.4812931258038504 0.057272636913333994 0.4614342372828156
0.45609891475478764 0.14586810794678584 0.39803297729842657
0.37287363476350943 0.19722119839932603 0.4299051668371645
0.13150961975959824 0.21174538640321544 0.6567449938371863
0.22345774396429527 0.2975580153716112 0.47898424066409356
0.17958451084025456 0.6087541797001402 0.2116613094596052
0.16152016983533982 0.10272091626468022 0.7357589138999799
0.45789772113970323 0.44129558078230074 0.10080669807799598
0.34753294436056464 0.4599854948495234 0.19248156078991197
0.03446974915043982 0.41259654250292993 0.5529337083466302
0.1882743613287883 0.664581577590219 0.1471440610809927
0.47117929676988246 0.47865969624861293 0.05016100698150461
0.461514535218126 0.037886275836882116 0.5005991889449919
0.34839450396104155 0.2141421308937041 0.4374633651452543
0.26611692954425786 0.26415467392022646 0.4697283965355157
0.42121783284170644 0.3201745162989272 0.25860765085936643
0.1931936184566662 0.4522247007911833 0.3545816807521505
0.12630863204748147 0.39462822618179905 0.4790631417707195
0.30157921848553976 0.1908620207520789 0.5075587607623814
0.5675865324504663 0.15715195356945272 0.275261513980081
0.04569102130580147 0.45760260616766474 0.4967063725265338
0.6296207339373152 0.0007485725082543129 0.3696306935544304
0.47378819951655204 0.3299473582292173 0.19626444225423068
0.28482117735028734 0.15644119993678862 0.558737622712924
0.18128945344137792 0.3783270452026379 0.4403835013559842
0.0640852493576652 0.3559154094472627 0.5799993411950721
0.41349836605669255 0.5490379285273468 0.03746370541596067
0.1381766353330552 0.2692308460075097 0.5925925186594351
0.14892893488750245 0.312392483232532 0.5386785818799655
0.64398533506819 0.21337983078292033 0.14263483414888964
0.47659693861645414 0.2241294385385167 0.2992736228450292
0.3351908386235485 0.28365709383274834 0.3811520675437032
0.5432366970496361 0.4429416177167815 0.013821685233582494
0.20164159219915953 0.5009997897665937 0.2973586180342468
0.3671187574146089 0.2634316887542672 0.36944955383112393
0.34808303724612927 0.34717675068746756 0.3047402120664031
0.3700297844483365 0.08033917940246021 0.5496310361492033
0.40225684754967145 0.43402944175462665 0.1637137106957019
0.22602177638051968 0.45868659831487657 0.31529162530460375
0.4758071623483752 0.3028319766345249 0.22136086101709992
0.3019812394341923 0.35815986610940875 0.33985889445639894
0.247098456008403 0.37365255673520265 0.3792489872563944
0.2688317277511119 0.17649548557821412 0.554672786670674
0.13256226776201804 0.5679037452882392 0.2995339869497428
0.18713770823990566 0.5985673500497358 0.2142949417103585
0.5236887702905089 0.189770964340641 0.2865402653688502
0.32645279842955915 0.05132058816529727 0.6222266134051436
0.47773250386001287 0.39480301676391333 0.12746447937607383
0.37477035074487763 0.2587731571029931 0.3664564921521293
0.08529678757957815 0.5371530056161692 0.37755020680425266
0.13482482670795767 0.3738670294102041 0.49130814388183824
0.35168388203881246 0.2748493398591788 0.3734667781020088
0.23293555859345333 0.17471709576972735 0.5923473456368193
0.36075781768989124 0.3367956760471578 0.30244650626295094
0.4979152733897562 0.15424324885270854 0.3478414777575352
0.03397436348662213 0.4918144967876425 0.47421113972573536
0.4716194156346576 0.40378813290219284 0.12459245146314957
0.24514991531933128 0.3082073467369269 0.4466427379437419
0.2116936824134538 0.14721822669850748 0.6410880908880388
0.3631882424368977 0.46441523174842886 0.1723965258146735
0.23361990851295905 0.4239826743075918 0.34239741717944916
0.1248837587693097 0.3252296024104542 0.5498866388202361
0.46405852083966503 0.054769665021292054 0.48117181413904286
0.417119816993297 0.3850600969986645 0.1978200860080385
0.4269219411243575 0.26442272057188504 0.30865533830375746
0.2547215240460675 0.548395002196365 0.19688347375756754
0.31243843372113955 0.29448930669415674 0.39307225958470376
0.43097507084580405 0.30363361811554096 0.265391311038655
0.0728784082593225 0.7907319640876694 0.1363896276530081
0.33895178393405734 0.22929711038788997 0.4317511056780527
0.09322716551139268 0.6817882943766836 0.22498454011192365
0.0496785445179832 0.43353994707734617 0.5167815084046706
0.3133387404846005 0.4097201799219265 0.276941079593473
0.15501926755565412 0.5243029950190827 0.3206777374252631
0.4836878773018584 0.2688528332516022 0.2474592894465394
0.1916537045468728 0.3819722914947693 0.4263740039583579
0.49308982883865254 0.11856829443523736 0.3883418767261101
0.04251534322572453 0.597465274493774 0.3600193822805015
0.21930207741650287 0.46756487618920867 0.31313304639428846
0.6934432127240251 0.25804560267419335 0.04851118460178161
0.14917077058609937 0.35023349101689205 0.5005957383970085
0.2253244473777973 0.6302266234201638 0.14444892920203892
0.4060074201910245 0.2648758992847644 0.3291166805242111
0.36041541971274005 0.40237808854153717 0.23720649174572275
0.27033011960700026 0.33758510165214356 0.3920847787408562
0.41008965934532227 0.22536697918115509 0.3645433614735226
0.3814547558308482 0.3020078920691924 0.3165373520999594
0.028853627642194506 0.7410802320309182 0.23006614032688724
0.31502195801083965 0.35874399745965363 0.32623404452950666
0.4335989651355666 0.3511339836160296 0.21526705124840378
0.6604747866798699 0.32617776614270916 0.013347447177420885
0.01111832591037863 0.5449149510797051 0.4439667230099163
0.14116020797407314 0.42616969163081514 0.4326701003951117
0.46074044198612074 0.03933638063045761 0.4999231773834217
0.3148033387427314 0.2325068395311015 0.4526898217261671
0.415426745656423 0.28331602245908083 0.30125723188449616
0.3527852275430389 0.42947215238877046 0.21774262006819062
0.24507105807263085 0.6234058391980721 0.13152310272929701
0.3584358103734977 0.3780655985820829 0.2634985910444194
0.43406115532855166 0.49854375587725724 0.0673950887941911
0.6769043737361695 0.1650385100487574 0.1580571162150731
0.36144024323510965 0.4044141041576344 0.23414565260725598
0.5081780979066226 0.12021906183820809 0.3716028402551693
0.30236262782823725 0.43138855751800614 0.26624881465375655
0.3910534560770603 0.32935644364806516 0.2795901002748746
0.558767629908094 0.09124132073387646 0.3499910493580295
0.011402605177779832 0.25574587410801936 0.7328515207142008
0.5641045822674899 0.34732157079542364 0.08857384693708635
0.2585851525306251 0.4917310103997486 0.24968383706962632
0.2021252138338025 0.31883457183458086 0.47904021433161664
0.47902187328924095 0.21417733413988962 0.30680079257086945
0.02051989166596864 0.3209742903555364 0.658505817978495
0.34651600556132534 0.25794310529665987 0.3955408891420148
0.2716095356477674 0.47559856400955564 0.2527919003426769
0.08317237299216045 0.43040840253502405 0.4864192244728155
0.38643159750593603 0.3224417372713703 0.29112666522269365
0.4292156864573436 0.40451036467274193 0.16627394886991453
0.23671466101867503 0.13785512086837873 0.6254302181129463
0.18048518730497193 0.39306433742933183 0.42645047526569624
0.03458636498433745 0.8218332036081596 0.1435804314075029
0.21334079982842946 0.4276502582493849 0.35900894192218563
0.5025231597476519 0.16795153477495536 0.3295253054773927
0.18490996252070077 0.5172826636450798 0.29780737383421946
0.5109065532436171 0.060775206951886596 0.4283182398044963
0.3705117483611643 0.5508873210840097 0.07860093055482592
0.31224734394556847 0.3180623139291305 0.36969034212530105
0.5486593210964221 0.17383838675614868 0.2775022921474292
0.08664649811390836 0.33466452061781443 0.5786889812682772
0.29553817925003295 0.13318808649255068 0.5712737342574163
0.7033582244366771 0.1968041409157922 0.09983763464753073
0.41220597069951687 0.13285078290668112 0.454943246393802
0.21058328737406487 0.20308684722845416 0.586329865397481
0.06218342342563592 0.15598963975065935 0.7818269368237047
0.3142307729892029 0.32268943837333947 0.36307978863745766
0.14452973703239078 0.5060127088452981 0.34945755412231105
0.0774837446800916 0.511069425083388 0.4114468302365204
0.31080407349287303 0.24383881478575475 0.4453571117213722
0.40522849101768815 0.11322996843761357 0.4815415405446983
0.38307975084243845 0.4605480997634644 0.15637214939409716
0.22115006749021818 0.43293351786355017 0.34591641464623163
0.20740357144002333 0.782549549000683 0.010046879559293663
0.42812966178931094 0.21479484726334547 0.3570754909473436
0.4498137500593975 0.024141903929601725 0.5260443460110008
0.3282970982164986 0.002277211036096323 0.6694256907474051
0.3364356872490447 0.5478553060636798 0.11570900668727543
0.29700833621792194 0.15533465995223938 0.5476570038298386
0.16290575306337188 0.004176875368312698 0.8329173715683155
0.22050721871567686 0.4080593245397126 0.37143345674461054
0.1687204504330569 0.3305746254248627 0.5007049241420803
0.5018402986673699 0.4787512671111514 0.019408434221478667
0.3341716511043157 0.1419529145438283 0.523875434351856
0.5836856637168142 0.3403950442477876 0.07591929203539823
0.41708907166085796 0.5002784431529435 0.08263248518619855
0.38177691137258285 0.34785224381048047 0.2703708448169367
0.13437050274544846 0.1824472476544791 0.6831822496000725
0.15255282835893402 0.4166666666666667 0.4307805049743993
0.19933142885455918 0.3986133098536064 0.40205526129183444
0.3646933536453094 0.2890784387288408 0.34622820762584977
0.3125304704957871 0.3015161826270445 0.3859533468771684
0.07921297240049392 0.5053885698352558 0.4153984577642502
0.3283717075391063 0.33469957811725093 0.3369287143436428
0.24677263130697744 0.24773636893501838 0.5054909997580042
0.7786540753832875 0.1800183594338718 0.04132756518284078
0.43219357774486156 0.10349223987005812 0.4643141823850803
0.5650315191659278 0.3549290228426649 0.08003945799140731
0.18158831384705953 0.49043980584770336 0.3279718803052371
0.26389360778293114 0.2072233054883393 0.5288830867287295
0.3690563037822141 0.3280014132926801 0.3029422829251057
0.43245737221593733 0.22041529083452222 0.34712733694954045
0.367097379613353 0.28352079725139406 0.34938182313525296
0.26023492736088594 0.10948834083928333 0.6302767317998307
0.7885203545082481 0.16165707328086076 0.04982257221089111
0.21088561912489712 0.5402341106752945 0.24888027019980843
0.1428488807116599 0.08758511085647638 0.7695660084318637
0.47585049325948225 0.1548164054503291 0.36933310129018865
0.2047004430347727 0.3880266006709019 0.4072729562943254
0.06643387538019745 0.4928157550423952 0.4407503695774074
0.40500789798890496 0.49933291455792345 0.09565918745317158
0.45493346168675053 0.39896023909098277 0.1461062992222667
0.29158693758422743 0.6334906819349411 0.07492238048083151
0.2639154671769698 0.32522630834512023 0.41085822447791
0.3237028675468391 0.2528984409016099 0.423398691551551
0.058219023008977785 0.18714340914442346 0.7546375678465987
0.014287011232740288 0.5260146743660779 0.45969831440118186
0.3464115353357754 0.4032967326941828 0.2502917319700418
0.0780189401209994 0.4117145570708871 0.5102665028081135
0.25090481482249527 0.5330600489642966 0.21603513621320816
0.21786725049393924 0.22335731831046082 0.5587754311955999
0.16305472728576845 0.29299460229957297 0.5439506704146586
0.1761341557046294 0.36326261962100465 0.460603224674366
0.3297467413105224 0.3225896816469396 0.34766357704253803
0.42325220829918486 0.3165615671566575 0.26018622454415763
0.015207910595526628 0.6417588238944143 0.34303326551005914
0.22517289459786463 0.3946216158065481 0.3802054895955873
0.3035119825708061 0.6848095401903451 0.011678477238848756
0.2729337659211646 0.36859749103578116 0.35846874304305426
0.5479364804638484 0.23735248727157343 0.2147110322645782
0.46544513175528773 0.06668574137667456 0.4678691268680377
0.33133521152364914 0.23364864269898883 0.43501614577736203
0.04694083221020168 0.23415343626249538 0.718905731527303
0.693334573293023 0.05840912002049443 0.24825630668648263
0.2807745585455365 0.5329305893118381 0.1862948521426254
0.537889584324981 0.4411348475053105 0.020975568169708508
0.509215513559684 0.47050101430706814 0.020283472133247916
0.2063640529060522 0.3392884329747161 0.45434751411923163
0.3230166687062358 0.3656825839133007 0.3113007473804635
0.33752284186119813 0.2779551014554898 0.3845220566833121
0.5130156686487879 0.11752743927483533 0.3694568920763768
0.4673310920303308 0.17112811421385377 0.36154079375581544
0.3199793031830402 0.2916731494983193 0.3883475473186405
0.36486001026160325 0.5945246654624357 0.040615324275961054
0.3116852294495584 0.37585870945031624 0.31245606110012536
0.2008349225129711 0.37864580447639284 0.420519273010636
0.4330949863296052 0.07947551736240742 0.4874294963079874
0.3933767827496025 0.026197809348861515 0.580425407901536
0.46551483261416093 0.35833751372652917 0.1761476536593099
0.3344901828083382 0.3076147054050952 0.35789511178656663
0.20534820319585997 0.4047543946673717 0.3898974021367684
0.1611120973877758 0.22258496068983008 0.6163029419223941
0.3056995993061345 0.26121670122063945 0.43308369947322606
0.13559754495049894 0.3534166830126163 0.5109857720368848
0.4177669775939486 0.1888820488703181 0.3933509735357333
0.18369719323595396 0.26014742708769034 0.5561553796763558
0.18874814623969435 0.5544110069374623 0.25684084682284336
0.11036296957667077 0.41974780924832944 0.46988922117499976
0.2416732538331828 0.38180235055157974 0.37652439561523743
0.17257716575541573 0.39584586104223557 0.43157697320234867
0.30681322680466133 0.542536206397268 0.15065056679807076
0.1747532303883098 0.41779780919430964 0.40744896041738055
0.3542620196154638 0.17562069911524655 0.4701172812692897
0.275559019871957 0.15375752976007329 0.5706834503679696
0.13010500109669063 0.39142481670269186 0.47847018220061754
0.13077113207815752 0.3986569989919081 0.47057186892993436
0.21887013736229793 0.3148298629228241 0.46629999971487796
0.05102168584183735 0.5620957682990845 0.38688254585907816
0.7038480063989353 0.14545808544845218 0.15069390815261258
0.19284936016011078 0.4457237149417335 0.3614269248981557
0.44103998713703335 0.36893105083517697 0.1900289620277897
0.03241503225800629 0.5711548718207883 0.3964300959212054
0.38274586203115557 0.16066105502586947 0.45659308294297496
0.5454364917578298 0.12872094460767164 0.3258425636344985
0.27328090714747644 0.29700259526564055 0.429716497586883
0.026307908358391374 0.8234126422035428 0.15027944943806584
0.3259512059034199 0.06965340599361769 0.6043953881029624
0.5052325032629875 0.45865790364402503 0.03610959309298748
0.30300738015338297 0.5162974792743209 0.18069514057229616
0.3667111840035784 0.29970380364126964 0.333585012355152
0.5194504331423412 0.4305571268911979 0.04999243996646094
0.12312641917716899 0.3798593350871319 0.49701424573569913
0.2512650058037617 0.586193704085435 0.16254129011080326
0.10723528655805396 0.3120527509635869 0.5807119624783591
0.39837302408295333 0.34142367851173794 0.26020329740530873
0.4606438083198526 0.0030934296090762026 0.5362627620710713
0.466348905645352 0.09732306170443092 0.43632803265021713
0.25003172590245165 0.3907731724878317 0.3591951016097166
0.09393633928754715 0.7584454002590856 0.1476182604533673
0.1727392319278059 0.3750080483583243 0.4522527197138698
0.0024409523259295053 0.802268418094823 0.19529062957924756
0.4791600432685597 0.406092977000977 0.11474697973046323
0.5271051832360804 0.11341742582386913 0.3594773909400505
0.16211255793340545 0.5373994784707918 0.3004879635958027
0.2831165152208494 0.6945946450751315 0.02228883970401915
0.3331991157822415 0.1420959346395792 0.5247049495781794
0.3517632198299059 0.4174918293811997 0.2307449507888944
0.7642695266204614 0.22734424765061326 0.00838622572892531
0.490446799954006 0.35753778632570066 0.15201541372029337
0.2408851316517679 0.2676264784156703 0.49148838993256183
0.3745969892368855 0.27328119444713794 0.3521218163159766
0.6015735711765489 0.29796340962594065 0.10046301919751051
0.5855608612388338 0.045690039134003234 0.36874909962716307
0.4430569874799485 0.5157101777708972 0.0412328347491543
0.3181379961587894 0.4111695328350194 0.2706924710061912
0.16263836698012396 0.24615748403877985 0.5912041489810962
0.19872827560677356 0.1134767385130151 0.6877949858802114
0.3457273275878418 0.3028131447691729 0.35145952764298527
0.19340787426698824 0.40255896459269325 0.4040331611403185
0.21267317537373834 0.30800976469568714 0.4793170599305745
0.16963450369139846 0.7524354584219773 0.0779300378866242
0.6957201385555092 0.03351732398076658 0.2707625374637242
0.31887420711996217 0.3666363821975898 0.314489410682448
0.14037497991998593 0.4912099260290529 0.3684150940509612
0.4458435627721328 0.29355958418145406 0.26059685304641317
0.1386087573555099 0.2325304724619107 0.6288607701825794
0.41080833191535276 0.1809809381912655 0.4082107298933817
0.5197542758172765 0.238347044814895 0.24189867936782852
0.2919402068672366 0.45152460373034564 0.25653518940241776
0.4488846062942021 0.158408142772632 0.3927072509331659
0.30127099424923937 0.48881355109193825 0.20991545465882241
0.13755981096361253 0.33072981332886053 0.5317103757075269
0.4445087223382019 0.0405666601528868 0.5149246175089113
0.44677811448932697 0.5502497585667189 0.0029721269439541777
0.021937086092715233 0.814166617828049 0.16389629607923578
0.3600524190840557 0.3214131414923213 0.318534439423623
0.3269594708348631 0.6342828204561297 0.03875770870900718
0.5657075422540548 0.2673486764817341 0.166943781264211
0.2532786533318375 0.4093428750951614 0.3373784715730011
0.18886228487280657 0.5400896293048858 0.27104808582230766
0.24318340552759152 0.24482970985821484 0.5119868846141936
0.26446614660534346 0.33653783714344604 0.3989960162512105
0.2031112125986842 0.6268954860028325 0.1699933013984833
0.3623511358065437 0.2072300389181923 0.430418825275264
0.1892517130305856 0.12566533805362315 0.6850829489157912
0.456004073645775 0.3722335225720271 0.17176240378219795
0.3251988279903958 0.17086328327041228 0.503937888739192
0.3044122005273057 0.17411361041481935 0.5214741890578749
0.3937901939954013 0.08514475628971666 0.521065049714882
0.177999875149391 0.7256769752859125 0.09632314956469659
0.09941700856423628 0.46580391060840914 0.43477908082735456
0.2808168600208121 0.19473244396867997 0.524450696010508
0.3971584768182931 0.5086516390486249 0.09418988413308203
0.08960214017648849 0.6317825083679887 0.27861535145552285
0.1931518548662042 0.2985877142735791 0.5082604308602167
0.3480298542070994 0.4016672635956502 0.25030288219725033
0.4549676409412754 0.23314659535353388 0.3118857637051907
0.461934315491187 0.05218856898636187 0.4858771155224511
0.4778860517933288 0.04466638515289141 0.4774475630537797
0.5407811207354922 0.005342579081212298 0.4538763001832955
0.23596373469676143 0.33401847308043114 0.43001779222280745
0.41268533868211593 0.2867037585716059 0.30061090274627816
0.8663503438348341 0.04530287976342286 0.08834677640174303
0.6411745721604988 0.1191775825832786 0.23964784525622265
0.7567568900112709 0.15294843868484084 0.09029467130388823
0.34107982904756534 0.4137038669276732 0.24521630402476147
0.37713220487139376 0.43299433862844494 0.18987345650016135
0.1883322935911894 0.37448712719245625 0.43718057921635434
0.39087681929734247 0.39048728987960035 0.21863589082305715
0.21413931411872003 0.7430717481516238 0.04278893772965617
0.11901622106439448 0.3814518928795371 0.4995318860560684
0.05454542480470614 0.5084047107164492 0.4370498644788447
0.625243613133005 0.2956249260599117 0.0791314608070833
0.44024583299916403 0.060284141445013074 0.49947002555582287
0.31923642254561646 0.5063976953112004 0.17436588214318313
0.07791722291042771 0.2761344366002381 0.6459483404893341
0.3469077505749762 0.20391902482123614 0.44917322460378767
0.47348356702500943 0.34107125382690506 0.1854451791480855
0.3253553617032782 0.4621945044599952 0.21245013383672656
0.307764553454547 0.6348766634817964 0.057358783063656625
0.03472932851668519 0.525327148911901 0.4399435225714138
0.5594778715154416 0.1303448201469185 0.31017730833763996
0.4876495300045583 0.09987557132473421 0.4124748986707075
0.31475071004467764 0.41089774344461244 0.27435154651070986
0.3367825995048379 0.6276682221887702 0.03554917830639195
0.10821947516807634 0.7561178615179917 0.135662663313932
0.08078899960701766 0.06662898964627698 0.8525820107467054
0.29591335424623433 0.30598399933836246 0.3981026464154032
0.07354002946954813 0.053222003929273086 0.8732379666011788
0.03684808084295512 0.7858259247209736 0.17732599443607125
0.5069899119156179 0.09200045139622236 0.40100963668815975
0.25397615790951816 0.2957520552947864 0.4502717867956955
0.47719553078205607 0.377698285696348 0.1451061835215959
0.7744108262678691 0.06017473922169087 0.1654144345104401
0.2770248069656645 0.5512674248093995 0.17170776822493597
0.5091074627472665 0.3157914069945996 0.17510113025813387
0.40653301324843616 0.27986520671330295 0.3136017800382609
0.21682346241532668 0.2833397592988757 0.4998367782857976
0.6211856733063658 0.3270937237674969 0.05172060292613737
0.4264805703969015 0.4697178987172113 0.10380153088588717
0.03457678302694682 0.3885618825126271 0.5768613344604261
0.3782374238924573 0.5190997726378976 0.10266280346964513
0.4642133583557911 0.23141470795222535 0.30437193369198356
0.07775776913386191 0.27054252949685187 0.6516997013692862
0.2404099095921062 0.7426953042321376 0.016894786175756172
0.2236218365127568 0.3538137603144439 0.4225644031727993
0.4414276170719334 0.37096763391549087 0.18760474901257573
0.4952495541780469 0.3866077642947361 0.11814268152721705
0.33144547534429236 0.24829912816953711 0.4202553964861705
0.5098438645431025 0.3543167636017444 0.13583937185515307
0.04929606823270334 0.21505661126928424 0.7356473204980124
0.416089864656172 0.47123310733833934 0.11267702800548869
0.44511109551978323 0.08101126083658193 0.4738776436436349
0.25922832946328755 0.22088392411716223 0.5198877464195502
0.4505005474682351 0.08827578454439189 0.461223667987373
0.25355506147410406 0.5358508524627243 0.21059408606317162
0.22020074817585836 0.42074336086521724 0.35905589095892443
0.479429172687347 0.2697299655869822 0.25084086172567077
0.4536016747942637 0.4437131212863213 0.10268520391941498
0.20858659569499072 0.5447804382263565 0.24663296607865282
0.29154716633880595 0.3338290932074305 0.37462374045376357
0.5534994247006566 0.1545885670778549 0.29191200822148855
0.35287393816915563 0.6336322239637618 0.013493837867082515
0.36527154203590667 0.5012814021373102 0.13344705582678307
0.137609170780106 0.5292828073947639 0.33310802182513016
0.08230519119641229 0.15523279009988336 0.7624620187037043
0.14071083059885056 0.40758937024780395 0.4516997991533455
0.33035351295413384 0.11446494899656282 0.5551815380493034
0.46190599029764046 0.5191643870699543 0.018929622632405288
0.205901734036885 0.26664033050772906 0.5274579354553859
0.293604034409547 0.35820544612185384 0.3481905194685991
0.3285733582041551 0.46588280697240625 0.2055438348234386
0.05644670216722315 0.7374157611027786 0.20613753672999824
0.049692730971847475 0.40611067111897253 0.54419659790918
0.363525931727875 0.08750539359838357 0.5489686746737414
0.2531385742637341 0.32207915208341403 0.42478227365285187
0.009191509045093976 0.09502431236209473 0.8957841785928113
0.24900860142984807 0.07500235172381356 0.6759890468463383
0.5931649636659562 0.3606552301390665 0.04617980619497734
0.4970236386389468 0.3625004064177338 0.14047595494331944
0.14965262777420174 0.6111008674154401 0.23924650481035814
0.11432467869077065 0.5288989776279676 0.35677634368126177
0.3108397329889487 0.2991437732100186 0.3900164938010327
0.25560971045212105 0.40472422364796967 0.3396660658999093
0.40534511698210485 0.521073475951807 0.07358140706608822
0.13016488557399888 0.4498667720031488 0.41996834242285236
0.42277581171920336 0.34176358928255635 0.2354605989982403
0.3894101950126301 0.034686111308979126 0.5759036936783908
0.23924212859798408 0.47678579784140707 0.2839720735606089
0.34524333505109694 0.31677597177646516 0.3379806931724379
0.2530467464124979 0.080249612172957 0.6667036414145451
0.42268613779885184 0.4338188267718093 0.14349503542933886
0.2634360047271725 0.4186851536437909 0.3178788416290366
0.41854090080988926 0.2765211353085629 0.30493796388154787
0.49314151511538223 0.10183657667420838 0.4050219082104094
0.343104705567961 0.35013203128892434 0.3067632631431147
0.5197925135707827 0.2864603815825319 0.1937471048466854
0.08874976183561385 0.2919812132232567 0.6192690249411295
0.4687822099704688 0.12970737855802103 0.4015104114715101
0.4384589207720583 0.18780883597838957 0.3737322432495521
0.26251767912583246 0.5311152614651544 0.2063670594090131
0.3728995497777882 0.3468581779323466 0.28024227228986526
0.09229611414719949 0.8553802937688966 0.05232359208390397
0.5023871073307566 0.2026905148434014 0.29492237782584196
0.04461014720156978 0.8158962735145027 0.1394935792839275
0.416076120573058 0.24697145909251458 0.3369524203344274
0.08467066061075502 0.09491729172666825 0.8204120476625767
0.0774178372121565 0.5987475544282597 0.3238346083595839
0.24288423821462995 0.39944250595310443 0.3576732558322656
0.007497282375222733 0.6247336852237169 0.3677690324010604
0.17577849384984331 0.30326835749909037 0.5209531486510663
0.39953495212494744 0.1137760552822584 0.48668899259279413
0.4289117718527805 0.1915017062442553 0.37958652190296416
0.4385115429333501 0.38454132330164553 0.17694713376500437
0.35599297767750343 0.49246601566360243 0.15154100665889408
0.24579215543476762 0.3638217039338246 0.3903861406314078
0.5986322584111758 0.3390255400890548 0.0623422014997694
0.2699924637331133 0.436344038410362 0.2936634978565247
0.38992744304605825 0.5092055245946585 0.10086703235928322
0.23248685849074138 0.4371192933069968 0.3303938482022618
0.36531685399102104 0.32768295469109593 0.30700019131788303
0.20047278058820509 0.3931995051551948 0.4063277142566001
0.38233386503017686 0.25582167456094423 0.3618444604088789
0.3306929105528267 0.16546671151018366 0.5038403779369897
0.21788926657597646 0.5133062017830707 0.26880453164095286
0.257438575424464 0.24932146705759847 0.49323995751793753
0.39372060389183666 0.052336335957161674 0.5539430601510017
0.1441125820296744 0.3733011373654375 0.48258628060488806
0.520780852362611 0.20854898892633605 0.27067015871105304
0.4608393088857749 0.3007969963577814 0.23836369475644373
0.6084215392264376 0.036364301493299236 0.3552141592802632
0.540885930116566 0.3006335264392793 0.1584805434441546
0.3208067253703695 0.010126167168174143 0.6690671074614563
0.10544710299639255 0.4716218802915409 0.42293101671206657
0.10970236847621044 0.14892265772374763 0.7413749738000419
0.4866361755501116 0.41968159402343447 0.09368223042645392
0.2083990866700387 0.6781573545280888 0.11344355880187246
0.6503608071048103 0.23347820091823238 0.11616099197695737
0.0828846444204415 0.29018131336215053 0.626934042217408
0.1799844643304701 0.497646245339151 0.32236929033037887
0.5270771546530334 0.11779370480592183 0.3551291405410448
0.16185879970272699 0.3676546375520214 0.4704865627452516
0.27853532154988775 0.572247106914618 0.14921757153549428
0.3181951094624585 0.4281046275434638 0.2537002629940778
0.44294680138452236 0.29683732795582224 0.26021587065965535
0.572343205839629 0.2565315958694714 0.1711251982908996
0.08416774379031013 0.5793270994367543 0.3365051567729356
0.3300366684623618 0.13506124950408055 0.5349020820335577
0.0903201823298058 0.16567111233392506 0.7440087053362692
0.32024927568501776 0.3647011422043032 0.315049582110679
0.5293042194700024 0.054675019263312634 0.416020761266685
0.6188231949500832 0.07683209909937262 0.30434470595054414
0.15386584892857777 0.7076220163981386 0.1385121346732836
0.35269746292078236 0.15105072774624226 0.4962518093329754
0.4088382077305575 0.51420112882901 0.07696066344043241
0.03090555969919827 0.43491673951457893 0.5341777007862228
0.579384311929837 0.037305836356591876 0.3833098517135712
0.46517103196445114 0.04827055001409604 0.48655841802145283
0.4046211831939037 0.32216647879141097 0.2732123380146853
0.2514369166656875 0.3557090877757803 0.3928539955585322
0.3924211256731477 0.47761707067126835 0.129961803655584
0.4373719099376687 0.34647959432061426 0.21614849574171704
0.048365908330342586 0.4278238303940983 0.5238102612755591
0.046812672033092174 0.46914609763259985 0.48404123033430796
0.28982529219236874 0.40954028943339593 0.3006344183742353
0.4933060305357399 0.2224206032355028 0.28427336622875726
0.34755360491285764 0.3126547945028127 0.33979160058432967
0.3082979698131938 0.12034288520965723 0.571359144977149
0.18658091610903402 0.4006296780543701 0.4127894058365959
0.03534153386182252 0.48282684878921234 0.4818316173489651
0.2325214923249369 0.37561157664300604 0.39186693103205705
0.09018821560000556 0.310567668746906 0.5992441156530884
0.08389140778379217 0.43898761010092013 0.4771209821152877
0.22400928227043085 0.4842667679336253 0.29172394979594385
0.6107574631719831 0.362047537044836 0.02719499978318086
0.1473664784143665 0.26750654515618494 0.5851269764294486
0.1035062897210988 0.29778513840012605 0.5987085718787751
0.49111599809569273 0.14890547003332538 0.3599785318709819
0.16895963697848174 0.10122066948952507 0.7298196935319932
0.05499544818402924 0.13456560729377556 0.8104389445221952
0.3244024554421108 0.3104500000890772 0.365147544468812
0.6850538095832003 0.3009394216764576 0.014006768740342073
0.14319918153900627 0.5404557711032881 0.3163450473577056
0.5661401725869123 0.4125805143063226 0.02127931310676512
0.2780222199483416 0.3726952410778608 0.3492825389737977
0.6330270824492223 0.046253589361550544 0.3207193281892271
0.41267133493239316 0.36791929295243747 0.2194093721151694
0.28257835924741515 0.5221287092319244 0.19529293152066038
0.3616237022584894 0.6226039022579515 0.015772395483559177
0.331059594123846 0.18418119691420176 0.48475920896195224
0.2060546392077 0.08313777585966615 0.7108075849326339
0.23465014814489527 0.44145758044642375 0.323892271408681
0.07320986021585754 0.524628114380344 0.4021620254037985
0.4634029113433867 0.4065148976698465 0.13008219098676685
0.27193345639468275 0.33588421743111235 0.3921823261742049
0.1729412960530431 0.5155530013969684 0.31150570254998855
0.4684645359373582 0.25361580660112465 0.27791965746151714
0.4253651444055251 0.12850537405424722 0.4461294815402277
0.3574061747990374 0.2879217653985971 0.3546720598023655
0.36898026685798885 0.3538406817069426 0.2771790514350685
0.44309052714118824 0.03564024382167427 0.5212692290371375
0.3899471635861629 0.4320116213502912 0.17804121506354595
0.18802082342571985 0.23885686748210289 0.5731223090921773
0.1485757434551561 0.5656524562932631 0.28577180025158083
0.47098812148711555 0.4751117830641403 0.05390009544874414
0.14780651836105063 0.6440285027636421 0.20816497887530727
0.4376606395096985 0.17118756918930192 0.39115179130099953
0.3868438711504963 0.3768780620929624 0.2362780667565413
0.48153764893827306 0.07745438284386635 0.4410079682178606
0.1886569862953285 0.34776916823199466 0.4635738454726768
0.37045885278321733 0.5440985080559164 0.08544263916086628
0.1986273622834364 0.5763818466737072 0.22499079104285644
0.32024731437540255 0.5996161278142607 0.08013655781033678
0.20502259980431878 0.5337211358698398 0.2612562643258414
0.3455777242064751 0.12626245004123582 0.5281598257522891
0.21960988764797762 0.18927177073431517 0.5911183416177072
0.576607841623133 0.018866874143618827 0.40452528423324813
0.18412652257971013 0.42082266475490604 0.39505081266538383
0.17124689848274388 0.269443204803496 0.5593098967137602
0.09368467435864482 0.5948570933974711 0.31145823224388414
0.10731198618596703 0.39789918228422055 0.49478883152981246
0.4437414381039359 0.24047788268913506 0.31578067920692904
0.39965117765855523 0.2586220335212753 0.3417267888201695
0.3390518128850393 0.213694059816852 0.4472541272981087
0.45909199652704663 0.42226310040831394 0.1186449030646394
0.15612118885495002 0.6344326849910441 0.20944612615400585
0.07869493573963074 0.5971287980533069 0.32417626620706236
0.1835670189917954 0.3885639134786609 0.4278690675295437
0.05500093844229539 0.36415602527903246 0.5808430362786722
0.10065290243664073 0.7034937058439654 0.1958533917193938
0.22982848119340804 0.04861179440781974 0.7215597243987723
0.0479984176011442 0.5069391232901724 0.4450624591086834
0.1062375841020613 0.40744755920622094 0.48631485669171776
0.08869077449247839 0.7152252085916001 0.19608401691592153
0.45554209352700054 0.4627767160931245 0.08168119037987498
0.4181980136909438 0.34847680234701894 0.2333251839620373
0.3550001171485177 0.3582322248965618 0.28676765795492043
0.31837764591393997 0.21226333691755175 0.4693590171685083
0.5930221847477203 0.1245730977163385 0.28240471753594126
0.3748805576448404 0.26244011991906524 0.36267932243609435
0.2660769564998496 0.39241942642027344 0.341503617079877
0.4489496757625181 0.2739894340281993 0.27706089020928265
0.053807968356137784 0.8159721088634087 0.13021992278045352
0.2394131704829852 0.645443381869276 0.11514344764773882
0.4086278339865424 0.16804945519683043 0.4233227108166272
0.14782509556359463 0.7754819172157944 0.07669298722061099
0.3949894375088534 0.054686297092389466 0.5503242653987571
0.22382028168077656 0.21989412038473471 0.5562855979344887
0.3077240807639636 0.27585713741343243 0.416418781822604
0.1529136462069715 0.5261975234320784 0.3208888303609502
0.06896710849229327 0.4370561791961798 0.4939767123115269
0.8310343036018133 0.087388025129131 0.08157767126905575
0.33114471896017006 0.32469805206119107 0.3441572289786389
0.5899535109270352 0.27802395461439305 0.1320225344585718
0.5739873946438613 0.1392163746111615 0.2867962307449772
0.4051265267232842 0.3275290340005402 0.2673444392761756
0.10318247480426716 0.019259521312662935 0.8775580038830699
0.3393676750100854 0.24183428865055287 0.4187980363393617
0.3062740440850786 0.41556887016747135 0.2781570857474501
0.3497945355073382 0.010526010672289527 0.6396794538203723
0.4281715942028986 0.380871884057971 0.19095652173913044
0.25106926707728866 0.6778621535026943 0.07106857942001707
0.32082592055857556 0.4289476167837275 0.25022646265769694
0.34110243176758204 0.24044009941331926 0.41845746881909873
0.41777737746928195 0.22152891373384198 0.36069370879687607
0.1354482450176463 0.5111883168291834 0.3533634381531703
0.05562383566757407 0.46276249203235653 0.48161367230006935
0.4411477722603059 0.17833725909398832 0.3805149686457058
0.3725053936104188 0.3367750642800146 0.29071954210956663
0.37370646669516 0.5726588504228672 0.053634682881972776
0.30639309364967776 0.2949664957449842 0.39864041060533806
0.19043194296633775 0.1632890812303135 0.6462789758033488
0.37826828976091903 0.04642590943949015 0.5753058007995908
0.04396401885068182 0.6863916414308838 0.2696443397184344
0.0570193032413112 0.3898216820136819 0.553159014745007
0.46474054291981226 0.1660517915466076 0.3692076655335802
0.0300533049380733 0.7121831196419814 0.25776357541994527
0.15872189965489286 0.41876444512879124 0.4225136552163159
0.31555317559584184 0.07116934107696168 0.6132774833271964
0.4155154355461737 0.025934848539440874 0.5585497159143854
0.26185435969204746 0.5111277309764509 0.2270179093315016
0.4010142208921161 0.43254899533326513 0.16643678377461876
0.39113903849039705 0.4581960320995477 0.1506649294100553
0.4336344717275656 0.16436353085018068 0.40200199742225373
0.33018594569502213 0.3670141995575039 0.302799854747474
0.44938595363716083 0.2759067327957116 0.2747073135671275
0.5896139684227093 0.05923687114720016 0.3511491604300905
0.17489141569621233 0.429068090792421 0.39604049351136666
0.3747434869866238 0.3601908068266121 0.26506570618676406
0.3748902943558054 0.2840890033017155 0.34102070234247917
0.25595345348677234 0.5366216498093848 0.20742489670384293
0.36545932989386815 0.42388234887508075 0.21065832123105116
0.18454849705471832 0.09230023955989992 0.7231512633853817
0.14104234462563336 0.44228704563281684 0.4166706097415498
0.5697491115550031 0.015483934753990907 0.4147669536910061
0.5376277037033989 0.13081427853109787 0.3315580177655033
0.19020859043925117 0.29679490946606857 0.5129965000946802
0.3016305830781317 0.5791831601177249 0.11918625680414346
0.060564437493951524 0.5689135680181906 0.37052199448785794
0.272591441010719 0.15621320127511001 0.571195357714171
0.4409110590852265 0.31094934975898525 0.2481395911557883
0.36242807868136145 0.31081868719744415 0.32675323412119445
0.21243424160238017 0.4888152185413387 0.29875053985628114
0.1320977093177296 0.661036948045331 0.20686534263693945
0.2812224767934916 0.7052758298199472 0.01350169338656126
0.23379142189241492 0.26052434417267406 0.505684233934911
0.10691242614353051 0.5087196275642303 0.38436794629223925
0.5490132661129296 0.22598252129595967 0.22500421259111078
0.35322031729470216 0.4231137403321579 0.22366594237313994
0.23252256793574902 0.6103173891395578 0.15716004292469313
0.5268717816341094 0.19996133764792834 0.2731668807179622
0.35174716815405904 0.4924702314365973 0.15578260040934364
0.41520181358863306 0.44163921630701464 0.1431589701043523
0.6768472673745858 0.3136645940509321 0.009488138574482139
0.33432339977379455 0.3697132957763419 0.2959633044498636
0.3727748629646584 0.22887660363627826 0.39834853339906334
0.35352035038784035 0.574211752821485 0.07226789679067468
0.5751333505242755 0.4055152502006415 0.019351399275083083
0.2928240721233337 0.43125260189746795 0.27592332597919833
0.5535599940402329 0.35314576748492144 0.09329423847484558
0.47759666226624214 0.5186965547988611 0.0037067829348967057
0.44178086304214237 0.10823399070974829 0.44998514624810937
0.32537953718572304 0.3709282661143305 0.30369219669994646
0.33277448562097284 0.1434253499349758 0.5238001644440513
0.35292019924757845 0.3811307060501245 0.26594909470229705
0.30481044392512013 0.44506007589044955 0.2501294801844303
0.6267377305844692 0.018267317035752493 0.3549949523797783
0.24379380237377354 0.3117287000715964 0.44447749755463006
0.40875511045298135 0.1738762739768236 0.417368615570195
0.05448046025701429 0.6807948164893732 0.2647247232536125
0.2958235454513302 0.21068522970100706 0.4934912248476627
0.16545708528351571 0.45103489168244587 0.3835080230340384
0.40058136253316023 0.3965376272990429 0.20288101016779686
0.42881991588813656 0.3778521554775901 0.19332792863427337
0.5516994882907172 0.12819390451165136 0.3201066071976314
0.35045759428786327 0.3735118204344892 0.27603058527764757
0.2912006785956792 0.21460376823673005 0.49419555316759073
0.5197556336136697 0.4216434229604468 0.05860094342588349
0.39290503879511623 0.16261044850777148 0.44448451269711226
0.1518466559572009 0.7187955277769413 0.12935781626585782
0.38302412602051494 0.2920731281836578 0.32490274579582723
0.30448310565295994 0.3058397125162219 0.3896771818308182
0.09182097125659816 0.3887347704761796 0.5194442582672223
0.4231133919980439 0.46537279529039777 0.11151381271155833
0.451045748914608 0.3881170909672295 0.16083716011816246
0.5745758351433932 0.07930881363060213 0.34611535122600473
0.36253680462835025 0.2011905518257181 0.43627264354593165
0.5737318249165013 0.038784812033851486 0.38748336304964714
0.6720817507660717 0.22072505383546673 0.1071931953984616
0.5698499349801137 0.17759278681522503 0.25255727820466123
0.19918360275885963 0.6133395411284472 0.18747685611269313
0.3982762802359781 0.17865174552530866 0.42307197423871323
0.4341334191289378 0.5291471763705534 0.036719404500508715
0.22172272121592282 0.3923483626161896 0.3859289161678876
0.2539691622276545 0.7126248035545809 0.033406034217764655
0.2852530723986088 0.3956696487666477 0.31907727883474357
0.5714675398262038 0.3714053623093933 0.05712709786440287
0.2836386654475593 0.1887222693166212 0.5276390652358195
0.22477985181774746 0.4568081526017022 0.31841199558055033
0.41404659322280396 0.23810672993019197 0.3478466768470041
0.12025632382849633 0.5026931423528922 0.3770505338186115
0.1180703363448019 0.8539528520357368 0.027976811619461334
0.4697955853957709 0.2096275124698321 0.32057690213439705
0.10881700035172484 0.3781334635917162 0.513049536056559
0.2623607867688679 0.3527343089917365 0.3849049042393955
0.223208755149476 0.4645377212119771 0.3122535236385469
0.5080295199050474 0.39026903033932936 0.10170144975562331
0.3511143458117473 0.29884098451280106 0.3500446696754517
0.24273209051421266 0.09272278114127919 0.6645451283445082
0.28319817683328896 0.5649644531335356 0.15183737003317535
0.23475604432518998 0.39792143562129517 0.36732252005351484
0.3951184697907685 0.2878365417219698 0.3170449884872617
0.11287806542807076 0.28909056143442186 0.5980313731375074
0.31628288402915233 0.5268685918045912 0.15684852416625644
0.2626728140219348 0.4360489294513209 0.3012782565267443
0.4067170407061792 0.17146536851595806 0.42181759077786274
0.3715181047528323 0.3769471232051953 0.2515347720419724
0.16171489911224138 0.4448393266959587 0.3934457741917999
0.11020943114883511 0.3495787537137369 0.540211815137428
0.14600033159201725 0.3732168914072784 0.48078277700070443
0.1918711770055305 0.054455359718069675 0.7536734632763998
0.4414045868539449 0.2890503188363388 0.2695450943097163
0.14584505160328645 0.5636761010883892 0.2904788473083244
0.6250627681830093 0.3378589864274327 0.03707824538955801
0.02313738075163182 0.4001866290250765 0.5766759902232916
0.8619702705198042 0.06235573815898809 0.07567399132120764
0.4662456569223282 0.18741822515557827 0.3463361179220935
0.3328286882085004 0.3278267506898457 0.3393445611016539
0.28736484554705066 0.045336034256455576 0.6672991201964937
0.3727905956451972 0.5085491402780199 0.118660264076783
0.3975085232832979 0.3930695962328446 0.20942188048385746
0.27606701708133385 0.08384980271219626 0.6400831802064699
0.026226838010658355 0.5975736070132102 0.37619955497613145
0.5468636030970954 0.3456422705877501 0.10749412631515451
0.5894754565819049 0.3270968324320241 0.08342771098607095
0.48467309595282154 0.2632022076301494 0.25212469641702906
0.5912050573777118 0.3317768275992786 0.07701811502300962
0.534519421847481 0.028416814956266457 0.4370637631962525
0.08500242952115704 0.4934296858189709 0.4215678846598721
0.4101790674104276 0.47358330174154567 0.11623763084802674
0.39725396760261394 0.3624444740810653 0.24030155831632077
0.3895368115707249 0.023210678722036318 0.5872525097072387
0.18489924037138403 0.5158608399675437 0.2992399196610723
0.34119279250518353 0.5178310949299272 0.14097611256488937
0.09503340889452727 0.4186209239279801 0.48634566717749256
0.273671734661753 0.639336316211975 0.08699194912627206
0.2941474168174917 0.31579576186759173 0.39005682131491654
0.4967873709428882 0.5006487529338238 0.002563876123287966
0.42588853969377205 0.48528303409981766 0.08882842620641027
0.6513052995380711 0.3381164259057993 0.010578274556129455
0.23731864173034437 0.26399572198533655 0.4986856362843191
0.3234809999591607 0.10934101348939865 0.5671779865514407
0.47487538076998775 0.24037014035130302 0.28475447887870925
0.460494736535465 0.06477863248015686 0.4747266309843782
0.4129938650690871 0.19011294158406233 0.3968931933468506
0.15225484278302473 0.5427031467936922 0.305042010423283
0.35800226341434477 0.1971951087263799 0.4448026278592753
0.16756833438008042 0.5622250623885681 0.27020660323135154
0.4497925494350282 0.23955900061567434 0.3106484499492974
0.37354260557285357 0.308411417655364 0.3180459767717824
0.4266176565251766 0.49619797280234246 0.07718437067248098
0.4151789366650694 0.033455663211042416 0.5513654001238882
0.15403617537356606 0.4888319368214225 0.3571318878050114
0.492238236291739 0.46172504369311873 0.04603672001514227
0.6286759302669686 0.2651803675514635 0.10614370218156789
0.38094252566271336 0.2999138046268939 0.31914366971039276
0.5230063250273598 0.22804925929742498 0.24894441567521525
0.3458476107677782 0.41806387690746705 0.23608851232475478
0.3334601595638443 0.3195508643555512 0.3469889760806045
0.5484608546705182 0.23453050798847086 0.21700863734101097
0.06995356430863515 0.45181668791225194 0.4782297477791129
0.27148691945044773 0.48038777360338636 0.24812530694616594
0.6581324690750991 0.2265866910576413 0.11528083986725952
0.0541670505110665 0.3726190042612084 0.5732139452277251
0.2588592563911017 0.5840515646681878 0.15708917894071056
0.21876164606713513 0.2011633580630165 0.5800749958698483
0.549780917874126 0.14875827360823843 0.3014608085176356
0.2916318895643591 0.19217490544064791 0.516193204994993
0.19050452385634592 0.36976789919271474 0.43972757695093934
0.3134283094208288 0.19318403361951317 0.493387656959658
0.4444390018362829 0.4516288199642301 0.10393217819948698
0.38255008178786143 0.372595755528647 0.2448541626834916
0.2730659860297257 0.6432801397215936 0.08365387424868069
0.1292309792479853 0.387979264181546 0.4827897565704687
0.12679257383270667 0.49941271579616087 0.37379471037113243
0.5015883897473824 0.12569229420868056 0.37271931604393704
0.3419765267933638 0.5653069194447403 0.09271655376189586
0.05550508720930233 0.5406803709856035 0.40381454180509413
0.5657176689610628 0.02681593961537731 0.4074663914235599
0.29401848167820527 0.14343211432479286 0.5625494039970018
0.13221822416910026 0.6355155315672368 0.2322662442636629
0.3480173920472802 0.1338011950067514 0.5181814129459684
0.7386313421275037 0.1435966711864065 0.11777198668608979
0.14421589822289102 0.3049077933179651 0.5508763084591439
0.4365566165887635 0.155388081635954 0.40805530177528254
0.5475164088132275 0.011751819921831911 0.4407317712649406
0.4816857511413712 0.2027902314511778 0.315524017407451
0.17273571246854924 0.26530847375452365 0.561955813776927
0.5265866806075414 0.17935277575053257 0.29406054364192596
0.3004694361953314 0.14964443002466712 0.5498861337800015
0.4371613122945694 0.17605321412575464 0.38678547357967596
0.3160830174556571 0.6764460408065934 0.0074709417377494935
0.3757839608016142 0.2482177208677746 0.3759983183306112
0.2176241352590907 0.43894632498202457 0.34342953975888474
0.5349715254549583 0.05367777013643699 0.41135070440860466
0.3583502593275123 0.3563342895573199 0.2853154511151678
0.33562572826228326 0.5422730542291634 0.12210121750855335
0.3376485689497414 0.09199541077803432 0.5703560202722243
0.4698361211656555 0.28792176868240826 0.24224211015193625
0.39523084705484174 0.3242244292283141 0.28054472371684414
0.893540457525755 0.02629913429770308 0.08016040817654194
0.2874059051558327 0.26735090447131726 0.4452431903728501
0.2427745509970072 0.11975934470430498 0.6374661042986878
0.30267818700697646 0.3882949921742801 0.30902682081874344
0.39486928066427757 0.126843864420761 0.4782868549149614
0.2919452672318248 0.2933274934980246 0.4147272392701506
0.39810568278909547 0.5010741001803621 0.10082021703054236
0.15484705848892935 0.3552023933106753 0.48995054820039535
0.30898110208376606 0.33514018515117133 0.3558787127650626
0.3822076887223817 0.24429759192120976 0.3734947193564086
0.2998334667521138 0.38185785467035954 0.31830867857752665
0.41389957486493373 0.3863643163021399 0.19973610883292636
0.04456354133006797 0.5578078141918513 0.3976286444780807
0.2367363333288704 0.5782196842908595 0.1850439823802702
0.3661059860181966 0.37976529044782237 0.25412872353398097
0.10606513103303784 0.436949396133379 0.45698547283358315
0.4135487472665069 0.45663005533838286 0.12982119739511022
0.2920652112658633 0.06292411582545636 0.6450106729086803
0.2686799750136229 0.37598350633298333 0.3553365186533938
0.3099271973921403 0.3837248781462774 0.30634792446158227
0.4586217423827834 0.173149424245872 0.36822883337134454
0.22622794065409524 0.33606913064432203 0.4377029287015827
0.6319867625369141 0.15856212385373536 0.20945111360935056
0.3001393589003316 0.17424552504440238 0.525615116055266
0.16012467579260264 0.4054413856869223 0.43443393852047507
0.2820288094759641 0.2897665273081377 0.4282046632158982
0.5018300224107801 0.04036164284504997 0.4578083347441699
0.32860961255973953 0.564990930083761 0.10639945735649953
0.47594293095753504 0.33350304724020147 0.1905540218022635
0.39792210813229933 0.20725441659481614 0.39482347527288447
0.2761055704453932 0.484903837088715 0.2389905924658918
0.16933826341960984 0.3633122246305977 0.46734951194979246
0.2253535535562101 0.4163535882277656 0.35829285821602436
0.3474810823012951 0.14065017807011856 0.5118687396285864
0.4552290728465156 0.3545946675904343 0.19017625956305007
0.3129323815704088 0.27660324464633357 0.4104643737832576
0.6779864948240414 0.2599344737476265 0.062079031428332154
0.47258405120475777 0.3479756638523656 0.17944028494287664
0.22349649176700734 0.34932831896933525 0.42717518926365744
0.14827023384023738 0.41964528123843564 0.43208448492132695
0.3180545577640009 0.44949253060633204 0.23245291162966708
0.3423676490871836 0.5864065079493731 0.07122584296344327
0.2499328314550107 0.12106836963209801 0.6289987989128913
0.7280708463269253 0.0020477243121620023 0.26988142936091264
0.20814074343222666 0.2237756835155921 0.5680835730521813
0.4943904037150314 0.2680084256630922 0.23760117062187638
0.11902085839036139 0.3961655658983672 0.4848135757112714
0.3722955850866262 0.39608974594630914 0.23161466896706467
0.4161150417550371 0.45108833731000353 0.13279662093495934
0.4619619988400947 0.34312280735113754 0.19491519380876773
0.3371201979414955 0.6218221791704307 0.041057622888073804
0.07142592097841897 0.5064008371181762 0.4221732419034049
0.327363668964879 0.34884144648558607 0.323794884549535
0.17351635873730345 0.5161605849767511 0.3103230562859455
0.5313374481640292 0.3171041077803629 0.1515584440556079
0.754350144642808 0.1812259575105656 0.06442389784662632
0.5927245529453161 0.10129626263451665 0.3059791844201672
0.46287715660794604 0.21060761664393898 0.32651522674811495
0.2758514463578938 0.5189514347974551 0.20519711884465108
8 16 18
21 5 24
27 2 3
45 45 36
11 40 49
30 12 11
35 35 19
16 8 2
31 57 29
1 8 11
3 29 28
16 8 10
23 11 8
11 32 15
36 4 35
1 34 31
36 40 45
41 18 16
17 1 4
3 19 34
10 16 21
8 18 18
43 28 21
2 15 20
40 35 47
1 39 31
22 33 54
2 1 1
5 11 12
24 3 30
1 1 1
9 11 1
19 24 14
36 42 72
79 71 1
49 53 18
18 85 45
28 60 72
7 50 21
3 4 22
26 38 23
42 50 2
14 56 14
26 32 19
24 16 3
74 63 64
1 6 5
61 51 64
1 16 9
30 33 25
20 51 57
30 23 14
63 53 59
30 27 24
81 71 53
11 8 13
46 5 30
3 31 38
1 1 1
89 42 46
27 27 6
16 13 5
31 6 20
19 21 25
55 62 43
22 1 2
4 3 4
8 22 41
16 16 11
7 6 5
9 12 21
1 1 1
35 16 23
12 3 10
37 23 8
16 13 13
8 10 27
27 25 24
42 34 48
19 15 11
54 35 29
4 13 8
13 43 57
19 3 16
32 67 66
19 7 3
25 27 18
18 2 8
51 66 29
83 31 20
89 9 21
65 46 15
60 35 82
39 1 8
8 6 3
39 67 8
8 22 22
2 1 4
24 60 39
74 65 73
9 21 17
17 1 3
2 11 9
27 18 4
39 14 1
17 3 11
42 23 20
30 60 12
9 2 5
1 2 1
16 15 5
2 5 4
72 79 51
41 17 57
23 14 1
38 73 14
3 2 9
9 6 2
21 25 30
2 8 4
13 14 49
8 37 26
2 1 1
85 9 72
14 14 2
1 3 1
2 3 3
2 11 17
15 20 18
19 17 31
36 3 9
9 7 4
3 11 47
2 5 3
37 17 11
28 37 23
45 19 30
3 41 54
2 5 2
87 78 26
9 13 22
55 56 7
68 70 14
42 32 6
3 1 3
28 8 31
60 5 1
13 19 9
48 44 27
21 9 56
2 4 3
7 4 3
2 2 30
44 40 23
15 31 16
47 18 53
23 6 26
11 23 15
67 67 20
37 10 4
59 33 18
42 82 62
44 49 43
6 4 37
49 34 20
39 43 26
18 65 89
20 19 3
7 3 2
3 2 4
45 31 8
64 85 67
1 4 4
46 3 17
13 6 15
33 59 27
4 3 5
47 13 43
77 52 50
1 60 92
62 4 52
11 6 7
24 87 62
16 65 20
2 3 5
1 1 1
25 48 75
76 17 36
2 2 1
6 14 5
46 19 64
6 60 35
22 7 9
4 5 3
8 9 9
16 20 5
12 6 27
1 2 5
8 67 63
15 17 18
45 26 42
14 23 11
32 10 7
40 42 19
12 38 11
44 29 21
16 8 38
19 21 18
66 24 19
54 70 13
8 11 4
18 8 11
19 2 13
18 10 1
8 18 4
17 33 21
21 8 32
13 12 19
2 20 12
24 2 22
87 20 79
8 27 40
12 4 27
25 41 18
4 6 29
17 28 17
3 2 2
13 49 1
43 25 3
3 33 46
13 1 2
50 45 30
10 50 54
39 22 42
20 22 72
68 32 64
42 34 59
3 17 3
34 5 4
29 35 10
15 8 2
5 15 27
44 34 46
6 4 1
3 20 53
33 42 33
43 11 7
51 37 4
19 10 5
45 22 38
29 32 9
31 41 86
46 12 63
11 2 11
15 3 13
53 6 13
2 3 1
52 14 53
26 32 8
26 12 77
33 76 41
2 1 2
82 65 57
15 52 84
25 15 5
14 1 51
5 8 2
20 35 13
37 45 55
10 8 9
2 20 5
1 33 23
40 39 41
2 9 3
7 12 1
33 3 74
46 15 20
12 30 64
69 38 12
48 52 18
4 29 2
64 4 16
36 64 46
40 15 36
17 18 18
31 36 24
43 25 24
10 18 66
63 56 5
33 12 11
8 18 10
21 17 34
40 17 45
63 14 3
1 5 6
92 19 66
40 16 48
4 3 13
57 2 40
42 4 15
47 6 24
37 7 25
4 10 11
3 4 5
23 4 29
1 2 1
18 22 15
74 30 65
50 75 16
22 18 3
43 61 35
76 7 4
28 3 16
6 5 9
10 21 2
40 4 50
16 38 26
14 18 17
27 8 53
53 14 60
23 21 21
5 19 20
78 40 43
4 73 10
19 39 8
20 28 36
38 65 56
27 8 6
28 26 44
39 21 43
25 35 29
18 28 27
38 14 38
58 50 28
41 25 58
1 1 1
21 59 10
75 72 69
12 55 3
21 13 11
23 10 46
10 21 8
1 14 8
7 19 76
12 3 78
17 11 11
58 28 13
14 19 32
33 5 19
6 14 20
2 2 2
44 24 57
13 27 31
14 6 47
2 4 18
5 2 1
5 6 5
7 13 48
11 31 19
73 13 65
77 34 39
1 3 2
1 1 8
51 77 26
2 3 2
13 7 4
14 68 68
10 24 24
2 2 1
85 14 81
23 16 13
17 24 11
39 53 6
4 1 10
12 1 13
10 7 25
8 1 9
48 10 13
80 67 16
41 5 40
1 2 1
50 13 47
7 18 7
40 14 10
23 45 6
9 7 81
2 17 34
13 23 1
27 33 20
75 6 30
24 7 10
29 46 21
66 55 5
18 37 17
33 23 41
4 4 2
11 34 11
22 26 3
45 5 2
14 16 30
91 3 16
16 14 4
18 16 1
18 17 14
45 3 36
12 14 26
25 13 40
18 13 19
72 65 31
16 2 13
3 3 11
19 29 24
53 55 48
21 7 3
39 68 62
42 25 4
84 9 34
50 25 27
1 39 15
10 18 24
6 8 35
38 38 26
15 29 2
7 3 1
11 13 6
56 72 2
46 43 44
35 12 7
3 12 3
1 31 6
9 4 12
33 31 10
38 6 52
13 4 2
11 18 15
2 1 2
21 29 20
65 39 82
21 19 14
13 4 11
12 1 19
70 23 30
1 11 3
90 99 65
8 13 13
72 71 13
1 3 6
2 1 2
4 5 1
53 52 61
37 5 19
80 40 31
76 72 76
6 8 14
62 26 5
11 1 16
40 43 41
6 86 27
59 50 3
53 11 71
28 20 64
6 43 27
12 2 19
9 3 5
74 11 58
23 59 6
31 29 61
85 36 20
36 42 2
3 1 2
54 53 86
14 25 36
3 3 5
7 45 30
17 11 15
64 60 56
21 10 16
34 9 25
24 21 23
48 54 62
36 32 11
28 31 48
3 1 27
18 40 35
63 6 53
7 7 55
36 40 11
1 79 80
37 27 21
13 18 6
2 7 21
13 5 64
27 21 63
12 21 15
7 26 42
43 23 50
8 18 6
15 20 15
3 16 38
2 1 4
60 25 69
12 50 51
11 30 68
67 65 82
29 17 47
3 7 3
8 24 79
2 1 3
69 48 16
43 51 35
1 1 1
6 3 2
16 24 67
32 29 16
7 4 34
49 65 34
1 1 1
33 18 17
54 24 15
10 16 9
14 3 11
8 59 45
10 19 11
10 32 1
4 2 2
5 70 71
20 36 81
56 3 19
6 9 12
76 60 52
21 4 21
1 7 7
22 8 12
22 2 10
13 7 18
75 80 34
1 2 2
26 29 7
26 15 10
48 68 65
1 3 1
67 28 2
2 35 55
4 30 7
82 36 10
18 23 86
46 72 55
68 66 78
66 8 65
1 1 1
3 2 6
1 1 1
85 41 46
23 17 30
5 10 10
37 16 20
99 31 55
5 4 1
5 4 18
4 26 67
66 47 67
2 1 2
75 6 17
2 28 30
22 8 13
6 27 8
23 4 20
2 9 15
1 14 37
86 53 16
31 10 36
35 47 35
64 12 20
81 93 6
21 23 14
30 54 61
54 45 40
9 8 13
11 11 2
35 46 24
4 7 3
46 5 32
53 30 40
16 14 22
15 1 16
11 16 7
8 2 4
33 53 73
93 62 15
87 43 95
3 10 8
12 41 32
1 4 9
7 34 6
4 28 54
39 52 49
16 23 19
15 3 31
5 46 11
6 23 17
39 75 40
1 18 47
1 4 4
1 9 15
16 8 16
4 5 6
33 35 33
32 5 11
10 41 53
33 1 30
56 26 33
58 43 60
72 60 22
4 8 9
4 26 23
64 26 37
22 16 8
16 2 29
7 2 3
18 68 82
14 20 11
1 21 6
4 1 2
8 4 8
73 42 2
18 7 78
66 7 1
49 25 22
3 5 40
8 16 16
64 34 29
5 27 48
54 48 32
56 84 78
4 11 7
7 4 3
15 10 3
77 44 60
10 8 8
2 2 4
10 7 23
28 3 47
46 81 33
26 7 8
3 9 2
4 21 3
55 27 48
43 38 58
9 11 15
26 9 25
4 4 4
19 36 33
26 25 2
43 38 27
2 1 2
79 34 80
6 24 6
88 50 83
5 21 21
71 5 55
7 5 2
63 64 57
4 4 1
19 90 77
34 56 85
1 29 3
28 31 17
29 53 24
51 46 81
42 14 57
29 28 26
33 23 47
59 4 28
13 69 52
1 1 1
62 39 23
11 9 16
49 45 36
21 31 28
9 44 23
7 20 19
29 60 13
5 9 10
3 9 15
3 2 3
37 40 41
5 11 17
23 15 58
71 56 21
56 6 32
31 16 1
48 5 50
6 9 3
19 33 63
1 1 1
10 18 23
34 16 37
23 78 1
3 38 12
30 24 25
52 61 62
8 9 32
54 53 12
29 42 42
7 4 11
2 4 12
3 20 8
11 3 5
23 39 40
55 44 10
14 18 20
53 18 1
2 50 27
5 4 11
10 6 1
16 27 17
56 65 39
4 45 41
26 22 9
8 2 1
39 53 30
6 6 3
21 16 1
13 6 2
3 7 7
15 61 40
64 9 59
2 2 1
20 62 81
69 67 15
7 5 1
10 52 70
33 37 8
8 11 10
7 28 23
4 2 9
52 58 51
6 8 6
30 28 27
99 96 92
9 6 63
26 9 6
21 40 45
15 6 16
6 9 10
56 24 44
23 10 24
6 4 6
22 11 38
36 14 34
36 2 4
13 2 8
30 58 1
18 17 15
34 24 19
46 22 4
22 26 27
62 82 23
13 54 40
10 15 6
22 13 14
43 19 31
11 14 1
41 14 35
2 5 7
4 3 2
24 6 1
15 16 17
87 5 68
4 13 16
1 1 1
18 15 42
67 48 13
34 83 7
24 52 53
36 28 31
20 28 33
35 27 59
41 90 87
56 57 66
47 67 77
5 2 13
90 51 11
7 7 3
27 18 4
43 88 35
7 69 23
39 61 75
15 13 2
14 25 19
13 17 30
41 3 27
4 2 15
32 52 28
28 10 20
3 1 1
23 50 65
9 2 4
26 4 2
8 27 35
7 2 12
56 49 7
5 4 1
36 1 53
21 25 16
25 16 23
2 6 3
64 55 56
27 40 7
16 2 18
4 10 16
51 27 12
26 81 10
1 4 5
13 10 5
37 50 19
2 3 11
8 5 1
16 37 46
6 19 4
39 31 35
36 23 27
5 33 34
8 51 39
42 25 3
30 42 26
18 3 7
18 30 16
8 25 19
50 87 9
21 10 19
26 4 25
6 15 13
66 86 46
10 55 18
10 25 5
61 17 2
18 53 6
33 15 10
15 16 7
2 4 3
9 5 12
26 33 24
1 1 1
50 12 39
14 11 1
58 3 63
32 17 42
10 7 13
10 3 7
1 2 1
20 12 12
30 29 18
21 34 26
53 45 54
1 39 11
76 20 40
57 19 17
44 53 59
6 9 5
41 1 30
34 16 13
5 1 2
81 63 88
31 16 9
11 2 10
19 60 4
1 30 4
53 16 50
1 1 1
5 9 2
10 43 11
21 47 40
73 58 12
6 4 5
41 17 69
2 3 2
2 3 1
2 49 26
28 43 28
75 9 33
5 2 10
27 11 4
80 32 23
33 16 4
8 6 11
71 13 23
21 38 18
53 31 30
6 14 7
5 1 5
43 49 1
1 3 18
28 24 55
8 5 12
4 2 2
34 42 17
22 12 14
3 2 6
3 9 4
8 53 45
70 34 54
11 4 18
5 44 29
7 5 4
56 29 51
50 32 19
33 12 23
79 36 6
39 64 48
5 5 1
43 68 36
7 16 3
67 2 51
45 1 2
56 13 50
1 44 26
11 45 19
29 53 41
28 20 38
1 19 24
18 24 12
13 4 4
5 8 12
26 12 11
11 20 35
3 2 2
73 46 58
29 13 32
17 5 18
19 29 48
48 58 1
24 79 7
44 6 30
8 12 1
37 4 13
2 3 22
37 57 4
11 22 11
72 20 15
24 7 13
31 36 43
36 2 37
33 2 41
15 9 4
13 21 14
53 25 23
18 7 9
3 2 3
56 31 13
27 6 79
14 10 9
43 11 83
4 1 22
55 76 64
1 12 5
45 28 47
19 36 23
3 6 12
35 2 35
33 37 12
1 1 1
36 16 29
9 14 29
4 11 14
41 43 25
3 9 12
33 31 14
49 56 64
86 63 33
16 11 21
22 1 31
1 8 56
20 62 17
2 2 12
9 3 6
3 2 3
82 19 65
10 23 5
29 64 17
15 46 41
30 30 35
28 57 11
21 25 30
67 45 4
29 4 18
2 17 26
26 11 3
20 4 23
15 12 18
13 43 42
13 11 6
19 18 19
16 40 7
23 11 9
44 54 35
10 4 10
40 3 31
81 57 44
32 69 39
